GEREGU POWER PLC // UNAUDITED INTERIM FINANCIAL STATEMENTS // FOR THE PERIOD ENDED 30 JUNE 2026

FINANCIAL SUMMARY
N’000 N‘o00 N'000 N'000, N‘000

Funds employed
Share capital 1,250,000 1,250,000 1,250,000 1,250,000 1,250,000
Retained earnings 37,349,347 57,344,831 51,344,328 43,919,258 47,866,532
Other reserves 33,169 33,169 (29,408) (15,350) (13,261)
Shareholder’s fund 38,632,516 58,628,000 52,564,920 45,153,908 49,103,271
Current liabilities 179,824,636 214,164,775 150,564,909 70,936,787 48,448 681
Non-current liabilities 25,165,751 32,212,612 40,340,594 65,951,853 76,478,456

243,622,903 305,005,387 243,470,422 182,042,548 174, 07
Assets employed
Non-current assets 62,009,606 63,100,483 72,669,749 36,353,989 37,999,441
Current assets 181,613,296 241,904,904 170,800,674 — 145,688,559 136,030,966

243,622,903 305,005,387 —_243,470.424 182,042,548 174,030,407

N‘000 N’000 N'000, N'000

Revenue 18,658,107 184,935,803 137,126,532 82,908,807 47,619,370
Operating profit 8,476,893 48,149,444 42,952,724 31,139,640 14,820,314
Profit before income tax 3,566,611 41,985,033 41,266,089 24,389,919 15,168,471
Profit after tax 2,504,516 27,250,503 27,425,070 16,052,728 10,171,455
Basic & diluted earnings per share in (N) 1.00 10.90 10.97 6.42 1,017.15
